 70  1 203 209 0.51 -0.67 2.44 18.43 0.04 3.03 -0.04 
 187  1 203 209 0.41 -2.77 0.34 10.33 -2.06 -5.97 -1.04 
 477  1 39 45 -0.95 1.61 3.12 22.85 -1.87 4.36 3.50 
 505  1 203 209 -0.52 0.30 0.41 17.40 -1.99 1.03 1.96 
 1138  1 203 209 -0.35 0.47 1.59 17.57 0.18 0.03 1.96 
 1231  1 398 404 -13.89 -4.94 4.32 17.08 -1.13 -8.17 -15.86 
 1231  2 528 534 5.10 0.73 0.83 11.55 4.57 -17.93 -8.57 
 1231  3 572 578 6.70 3.60 3.57 12.76 -0.99 -4.67 -2.25 
 1453  1 396 402 -3.23 0.24 0.34 19.28 1.55 4.73 -0.48 
 1909  1 203 209 -2.43 1.39 -1.49 16.49 -0.90 5.03 3.96 
 1993  1 203 209 -0.71 1.11 0.22 14.21 1.82 1.03 -3.04 
 2013  1 203 209 -1.33 1.49 -0.40 18.59 -0.80 4.03 4.96 
 2722  1 203 209 -1.22 -1.40 -0.29 14.70 0.31 0.03 -3.04 
 3141  1 203 209 -1.52 1.30 1.41 16.40 0.01 -3.97 0.96 
 3998  1 203 209 0.62 1.44 -0.45 16.54 1.15 1.03 3.96 
 4192  1 203 209 2.80 1.62 0.73 13.72 1.33 9.03 5.96 
 4418  1 203 209 -0.25 -2.43 -1.32 13.67 -1.72 3.03 1.96 
 5137  1 203 209 2.27 2.09 -0.79 18.19 -1.20 -0.97 -1.04 
 5693  1 203 209 0.05 0.87 -0.02 16.97 0.58 -1.97 -2.04 
 5712  1 203 209 1.91 -1.28 -0.16 15.83 -0.57 -5.97 -5.04 
 6594  1 203 209 -0.43 -0.61 -0.49 16.49 -1.90 3.03 3.96 
 6647  1 203 209 1.49 0.31 -1.57 15.42 0.02 5.03 0.96 
 6854  1 203 209 1.65 -0.53 -0.41 15.57 0.18 4.03 3.96 
 7042  1 203 209 0.72 -0.47 -0.35 11.64 -1.76 3.03 2.96 
 7617  1 203 209 1.37 -0.82 -0.70 11.29 1.89 0.03 -2.04 
 7831  1 619 625 -0.61 0.37 9.18 27.39 1.27 -2.37 2.70 
 7898  1 203 209 0.11 0.93 2.05 16.03 0.64 4.03 5.96 
 7950  1 203 209 -1.06 0.76 1.87 17.86 -0.53 3.03 3.96 
 8334  1 572 578 -1.10 0.80 -1.23 11.96 -0.68 -12.67 -13.25 
 8505  1 203 209 -0.24 -2.42 -1.30 17.69 2.29 1.03 1.96 
 8513  1 203 209 -2.55 -0.74 -0.62 16.37 -2.03 4.03 3.96 
 8520  1 203 209 1.57 0.39 -1.49 14.49 0.10 0.03 0.96 
 8590  1 203 209 0.05 0.87 -0.02 11.97 -0.42 1.03 4.96 
 8611  1 203 209 1.14 -2.04 1.08 15.07 0.67 1.03 0.96 
 8620  1 203 209 -0.51 -0.69 2.43 11.42 -0.98 1.03 -0.04 
 9103  1 203 209 0.49 -0.69 -0.57 19.42 2.02 0.03 -1.04 
 9208  1 203 209 -0.40 0.42 0.54 16.53 0.13 1.03 2.96 
 9288  1 203 209 -2.87 0.95 2.06 17.05 -1.34 0.03 2.96 
 9470  1 203 209 1.08 -1.10 1.01 12.00 -1.39 -0.97 -1.04 
 9798  1 203 209 0.83 0.64 0.76 16.75 -0.65 0.03 -1.04 
 10222  1 203 209 -1.17 2.64 -0.24 17.75 3.35 4.03 2.96 
 10261  1 203 209 -0.70 -0.88 1.24 18.23 -1.17 -0.97 -0.04 
 10359  1 203 209 0.08 0.90 -2.99 16.00 -0.39 3.03 3.96 
